4294967278,389
4294967278,388
4294967278,387
4294967279,452
4294967279,451
4294967279,450
4294967279,449
4294967279,448
4294967278,386
4294967279,447
4294967279,446
4294967278,385
4294967294,1086
4294967278,384
23,6
23,5
23,4
23,3
23,2
23,1
22,6
22,5
22,4
22,3
22,2
22,1
21,5
21,4
21,3
21,2
21,1
20,4
4294967294,1424
20,3
20,2
20,1
4294967294,1422
19,5
19,4
19,3
19,2
19,1
18,4
18,3
18,2
18,1
17,4
17,3
17,2
17,1
4294967279,445
16,6
16,5
4294967294,430
16,4
16,3
16,2
16,1
15,4
15,3
15,2
15,1
14,5
14,4
4294967278,383
14,3
14,2
14,1
4294967278,382
4294967278,381
4294967278,380
4294967279,444
4294967278,379
13,4
4294967279,443
13,3
13,2
13,1
4294967278,378
4294967279,442
4294967279,441
4294967278,377
4294967279,440
4294967278,376
4294967278,375
4294967278,374
4294967279,439
4294967278,373
4294967278,372
4294967279,438
4294967278,371
4294967279,437
4294967278,370
4294967279,436
4294967279,435
4294967278,369
4294967279,434
4294967278,368
4294967279,433
4294967278,367
4294967278,366
4294967279,432
4294967278,365
4294967279,431
4294967278,364
4294967278,363
4294967278,362
4294967279,430
4294967278,361
4294967278,360
4294967279,429
4294967278,359
4294967278,358
4294967279,428
4294967278,357
4294967278,356
4294967279,427
4294967278,355
4294967278,354
4294967279,426
4294967278,353
4294967278,352
4294967279,425
4294967278,351
4294967279,424
4294967278,350
4294967279,423
4294967279,422
4294967278,349
4294967279,421
4294967279,420
4294967279,419
4294967278,348
4294967279,418
4294967279,417
4294967279,416
4294967278,347
4294967278,346
4294967279,415
4294967278,345
4294967279,414
4294967278,344
4294967278,343
4294967279,413
4294967278,342
4294967278,341
4294967278,340
4294967279,412
4294967279,411
4294967279,410
4294967279,409
4294967278,339
4294967279,408
4294967278,338
4294967278,337
4294967279,407
4294967278,336
4294967279,406
4294967279,405
4294967279,404
4294967278,335
4294967279,403
4294967278,334
4294967279,402
4294967278,333
4294967279,401
4294967279,400
4294967278,332
4294967278,331
4294967279,399
4294967279,398
4294967279,397
4294967278,330
4294967279,396
4294967278,329
4294967279,395
4294967279,394
4294967278,328
4294967278,327
4294967279,393
4294967278,326
4294967278,325
4294967279,392
4294967278,324
4294967279,391
4294967278,323
4294967279,390
4294967279,389
4294967278,322
4294967278,321
4294967279,388
4294967278,320
4294967279,387
4294967278,319
4294967279,386
4294967278,318
4294967279,385
4294967278,317
4294967278,316
4294967279,384
4294967279,319
4294967278,315
4294967278,314
4294967279,318
4294967278,313
4294967279,317
4294967279,316
4294967278,312
4294967279,315
4294967279,314
12,6
4294967279,313
4294967278,311
4294967278,310
12,5
12,4
12,3
12,2
12,1
4294967279,312
4294967279,311
4294967279,310
4294967278,309
4294967279,309
4294967279,308
4294967279,307
4294967278,308
4294967279,306
4294967278,307
4294967279,305
4294967294,1423
4294967278,306
4294967279,304
4294967279,303
11,6
4294967294,474
4294967279,302
4294967278,305
4294967278,304
11,5
11,4
11,3
11,2
11,1
4294967279,301
4294967278,303
4294967278,302
4294967279,300
4294967278,301
4294967278,300
4294967279,299
4294967278,299
4294967279,298
4294967279,297
4294967278,298
4294967278,297
10,5
10,4
10,3
10,2
10,1
4294967279,296
9,4
9,3
9,2
9,1
4294967279,295
4294967294,154
4294967294,1166
4294967279,294
4294967278,296
4294967278,295
8,5
8,4
8,3
8,2
8,1
4294967279,293
4294967278,294
4294967279,292
7,4
7,3
7,2
7,1
4294967278,293
4294967294,187
6,4
6,3
6,2
6,1
4294967278,292
4294967279,291
4294967278,291
4294967278,290
5,6
4294967294,1421
4294967278,289
5,5
5,4
5,3
5,2
5,1
4294967279,290
4294967279,283
4,4
4,3
4,2
4,1
4294967278,288
4294967294,1420
4294967278,287
4294967279,282
3,5
3,4
3,3
3,2
3,1
2,4
2,3
2,2
2,1
4294967278,277
4294967293,131
4294967293,130
4294967293,129
4294967293,128
4294967293,127
4294967293,126
4294967293,125
4294967293,124
4294967293,123
4294967293,122
4294967293,121
4294967293,120
4294967293,119
4294967293,118
4294967293,117
4294967293,116
4294967293,115
4294967293,114
4294967293,113
4294967293,112
4294967293,111
4294967293,110
4294967293,109
4294967293,108
4294967293,107
4294967293,106
4294967293,105
4294967293,104
4294967293,103
4294967293,102
4294967293,101
4294967293,100
4294967293,99
4294967293,98
4294967293,97
4294967293,96
4294967293,95
4294967293,94
4294967293,93
4294967293,92
4294967293,91
4294967293,90
4294967293,89
4294967293,88
4294967293,87
4294967293,86
4294967293,85
4294967293,84
4294967293,83
4294967293,82
4294967293,81
4294967293,80
4294967293,79
4294967293,78
4294967293,77
4294967293,76
